1258464480892178432
1237497057414160384
1063868703386624000
1245305578801586176
991190175835402240
1234107823924350976
1236173604056870912
1255207332452147200
1231334286234689536
1251403672521703424
1082644851918589952
1234418577822621696
989046984218456064
1240018187395989504
1038692584568377344
1236078314893242368
1239780953665703936
1256566953532067840
1235840593797021696
1036402558492733440
1116953776574877696
1242639692277968896
1258543057927319552
1236907315924762624
1159718166377713664
1118344242910175232
1253555864259190784
1258287671253024768
1228521165094539264
1099039143562227712
1249649120676347904
1237883531653984256
953098842033762304
915292376002605056
1232180536966565888
1247436224089182208
1229275073194967040
1259031290880430080
1169906846447083520
1048383035424792576
1243645974598557696
1021190215051694080
1258922648436686848
1244974598664146944
1257604812531990528
986002281923256320
1247763461136695296
1249934362360139776
1234007661742608384
1241245566143741952
1011865852250845184
1232293921615921152
1240163558122545152
1249871883323719680
1239507213702565888
1252154148963618816
1233882063833300992
1241920641742589952
1012255640040656896
1245247219037609984
1025496622483849216
1240089731140878336
1255366443667693568
1259219360514793472
1238827970374864896
1271205220001136640
1028351443205292032
989393026201837568
1264825873015128064
1245141309988474880
1258325239549825024
1256567366075691008
1258942787072712704
1243429728103591936
1235628323296751616
1243182680708169728
1256752984789024768
1254900687905890304
1235309552468406272
1245840198055976960
1246627768356274176
1180969041054281728
1042387876756828160
1244883781979140097
1265429730316931072
1251953017570439168
1243132852863225856
1131802743376404480
1247785091384643584
934565111434190848
1001727212371779584
924415115871264768
1232935762027765760
1234102805153878016
1035778072667951104
1189139013391593472
919731413199237120
958202767896461312
1079632406270631936
1250598143650095104
1231053530467905536
1236050096215515136
1259678429184495616
1233693266113941504
1000933115092426752
1240159201381285888
960418515066716160
1228227080014446592
1231365193259458560
1249164744540205056
1232765678239809536
911100875324395520
941788521579081728
1120981430043017216
1198725258346639361
1244098126579658752
1247346277612703744
1252439037554589696
1228843290250674176
1260452956970024960
1023155030833975296
1238801541843070976
1237636990900613120
1235378362453839872
1256455367945318400
1248084450508947456
1001694861969485824
1037101243879116800
1248834572452503552
1253533112672411648
1051693313687785472
1238916545082699776
1259722494563237888
1008310095119273984
1255396569999138816
962566404392034304
1230019171921305600
963290846873219072
1191640456493228032
1243940172920745984
1126500243286978560
1236522309117423616
1237267312361799680
1238373900552183808
1236529050752012288
1233802238364114944
1251748094647865344
1251619324960423936
1235580870208425984
1255809740832112640
1242682799224946688
1249390793383428096
973378460728868864
1036175465322303488
1250706419758813184
1238603417648791552
1128891422519799808
1256505349427564544
1229281799126118400
928134716559859712
1241109440934588416
1231782156645842944
1173993767842545664
1258960855110938624
1257410947875262464
1263504310743527424
1239335296806588416
1256510937037979648
977083371799138304
1253549345073434624
1038685254178799616
998424452318769152
1260406410672807936
1105838194898927616
1242915506143834112
1253483678378913792
1241105962916900864
998741593425125376
1253206943615913984
1248806517810126848
1272428239201378304
1257052807677755392
1121797306115903488
911096187770249216
1241103836781985792
1255988700102754304
952024139433144320
1247335561858002944
1240459228943175680
990764576805195776
1254735739221164032
1235846121658695680
957918705004810240
1281177942223183872
1240509016099160064
1242251348301508608
1244534415502315520
1228508380738572288
956349355479166976
1232190036565520384
1094427538819854336
1259089306304270336
1250289273387810816
974578604799340544
1230692341770506240
1257408046997852160
1236450637748097024
1053982726715256832
969851974512267264
979959574218113024
1234451575759044608
977821166918397952
1251763880909754368
1253118980324057088
1232155784117391360
1173346466127904768
1269782415548022784
1069877094361837568
1187466820672806912
1084975884030681088
1011691823095246848
1230714884338098176
1233673167764430848
1238955331360014336
1256134129234436096
1243580522585079808
1233170458519154688
1231410564736380928
1230814502435053568
1231046502059794432
1194808065837445120
1249136706209701888
954807999107620864
1271758416653840384
1245972573364400128
1227845151016497152
1250312178079326208
1260832650726346752
948359911975354368
1254317982537134080
1190053654121050112
1245832126243979264
1249139853930168320
1185223876582453248
1246616615484076032
1238642723704426496
1239002786004385792
1249070238063325184
1250600283001200640
1259746141902417920
1086902248065372160
1230255287206842368
1238374442665926656
1090228891186053120
1234192336427552768
1245970600405958656
1245169382930644992
955331009665208320
1260808440264183808
1053241022777815040
956223744710459392
953105025750667264
1259969945756913664
1256406447152099328
1061786017494986752
1245579246685343744
1243076705451732992
1247306950916898816
1235704306020618240
1048384638428893184
1246922980802924544
1236418428102410240
1222083911207862272
1257449515653505024
1161930021863555072
913175003749560320
1149077323027550208
1256451679579189248
1231782562432184320
1086403850392510464
975610003920687104
1257061696397778944
1246020806983790592
1191112765105180672
1226068402582556672
1232167310287609856
1260484450094596096
1270937387509395456
1244977903876427776
1232570414170263552
1272429191228993536
1232811859582025728
1254975474435067904
965357554786086912
1236961031444959232
1257783825200021504
1240403910255427584
1234295607477837824
1198649668880773120
1254601415155154944
1279848873032388608
1201646288081498112
1259658582417899520
1236521046711111680
1245426412845461504
1246625876016594944
1255239615536336896
1231751009525792768
1247288012443394048
952143507211063296
1232564575413936128
1247063231642906624
1250959283059920896
1191820694762246144
1281176918896906240
1241166261543718913
1235463775495340032
1265408132394749952
1251693858803666944
954207477422047232
1238255422293860352
1258291310021185536
965439342266961920
1263344226922860544
1252737629770928128
1232566642836668416
1250264723262939136
1261741427701248000
1233442791250890752
1061048859314294784
1169410452325900288
1246020924743020544
1252149934040428544
1248495205372559360
1237863046949859328
1233937335314993153
1233906363495866368
1256460792619257856
1236449756033724416
1083271203810082816
1232572884200128512
1230356540897525760
1255056234432868352
1095105773681414144
1198981488482324480
1233862475779862528
1236109376222789632
1145243290673782784
911102885557837824
1235464565995855872
1189234152508645376
1257605069172834304
1045578268687925248
1250460529022099456
1238049849975730176
1256638745873133568
985746400363048960
1248869956888723456
1235896256241831936
1023076088060260352
1235577648194174976
1237555128844922880
1233933904734797824
1247721187455684608
1168570195070291968
940102428869677056
1257449226989404160
1232623600788725760
990473619928940544
979531420546551808
1249832656175599616
980738861279887360
1214064677425397760
1162476330521083904
1260395276603396096
1252747785477283840
1267235935221927936
1089810533601144832
1120406877650464768
965501786372931584
1228853542035861504
1249437502335811584
1238375663187214336
1260153166289657856
1281212713074651136
1134191151809798144
1089094831776632832
1230670339940442112
954045261976621056
1050198652989431808
1233679212683091968
1236001101896130560
1236262398412087296
1253896020833046528
1237258480793133056
1253947866909704192
1252322609098866688
1254151108709027840
1241111096434548736
1250531780818243584
1122617047164293120
1251209913146232832
1245786070609010688
983241258963177472
1245306592518623232
1236188435350994944
1247266630082670592
1256730150318833664
1142570386215809024
1069033814623662080
1105040794118963200
1237633790563012608
1233942885872111616
1120462833939881984
1257935394121621504
1249854274377318400
1247399560477921280
987427052594565120
1238058617774178304
1008282587636338688
1245974809008308224
964240046020509696
1247946355486699520
1248490815957995520
1038930402603401216
1260497667050651648
1010351643776221184
1198842007007965184
1244974598664146944
1228843290250674176
1252322609098866688
1230814502435053568
1238916545082699776
960418515066716160
1250264723262939136
1048384638428893184
